128
DCPT 
PREFETCHER: user
 twolf  0.43 1.00 0.30 0.0023611739 186842
 bzip2_source 1.66 1.00 0.79 0.42566856415026
 swim0.72 1.00 0.50 0.35 337126 256652 150628
 apsi1.52 1.01 0.38 0.0975985634  17732
 bzip2_graphic1.42 1.02 0.68 0.32675867547499
 bzip2_program1.22 1.04 0.87 0.37  10224  10037  13943
 galgel 0.71 1.05 0.43 0.13  65722  24436  69913
 applu  0.45 1.05 0.97 0.34 235232 208713 393031
 art110 0.13 1.05 0.86 0.47336734313708601305073
 art470 0.13 1.05 0.86 0.47336734313708601305073
 wupwise0.91 1.23 0.67 0.67  91088  78256 120
 ammp0.10 1.67 0.55 0.52346503033780611682229
user  1.08
RPT 
PREFETCHER: user
 bzip2_source 1.66 1.00 0.78 0.42579657684945
 twolf  0.43 1.00 0.42 0.0161384216 186259
 swim0.72 1.00 0.43 0.33 393562 286251 126603
 bzip2_graphic1.41 1.01 0.69 0.32670066987549
 apsi1.55 1.03 0.36 0.15  15698  10267  14756
 bzip2_program1.22 1.04 0.86 0.38  11146  10744  13460
 art110 0.13 1.05 0.86 0.46383957614072681338664
 art470 0.13 1.05 0.86 0.46383957614072681338664
 applu  0.45 1.05 0.95 0.38 296394 252979 368665
 galgel 0.73 1.08 0.37 0.20  88488  45011  64842
 wupwise0.90 1.21 0.67 0.67  91354  79750  84
 ammp0.09 1.52 0.78 0.63319627829841511325768
user  1.07
seq_acc 
  PREFETCHER: user
 ammp0.05 0.74 0.00 0.00352944335277073526497
 art110 0.12 0.98 0.50 0.26257578613484931844209
 art470 0.12 0.98 0.50 0.26257578613484931844209
 bzip2_source 1.66 1.00 0.80 0.64873085612262
 twolf  0.43 1.00 0.37 0.30 172746 151697 148827
 swim0.72 1.01 0.44 0.33 316042 271330 145089
 bzip2_graphic1.42 1.02 0.59 0.51  12343  122424846
 apsi1.56 1.04 0.26 0.14  15102  11600  12967
 bzip2_program1.23 1.05 0.77 0.63  20186  196096585
 galgel 0.75 1.10 0.47 0.33  83548  58355  59145
 applu  0.50 1.17 0.81 0.53 613351 412590 277657
 wupwise0.92 1.24 0.64 0.64 115231  833042381
user  1.01
seq_miss 
PREFETCHER: user
 ammp0.05 0.74 0.00 0.00352712835271123526985
 art110 0.12 0.96 0.35 0.14206496710248832143193
 art470 0.12 0.96 0.35 0.14206496710248832143193
 bzip2_source 1.66 1.00 0.69 0.36558255755102
 twolf  0.43 1.01 0.33 0.15  87651  87372 165120
 swim0.72 1.01 0.31 0.21 268197 251200 152115
 bzip2_graphic1.42 1.02 0.54 0.31804180417644
 bzip2_program1.20 1.02 0.68 0.35  12196  12056  12849
 apsi1.55 1.03 0.21 0.10  12891  10021  13850
 galgel 0.74 1.09 0.32 0.16  47568  41496  65009
 applu  0.47 1.10 0.87 0.39 317060 266069 364077
 wupwise0.84 1.13 0.45 0.30  52217  52214  28509
user  1.00

64
none 
PREFETCHER: user
 swim0.71 1.00 0.00 0.0000 366199
 ammp0.06 1.00 0.00 0.00003527288
 bzip2_graphic1.39 1.00 0.00 0.0000  14241
 art110 0.12 1.00 0.00 0.00002489396
 art470 0.12 1.00 0.00 0.00002489396
 bzip2_program1.17 1.00 0.00 0.0000  23779
 twolf  0.43 1.00 0.00 0.0000 186943
 apsi1.51 1.00 0.00 0.0000  21943
 applu  0.43 1.00 0.00 0.0000 594211
 galgel 0.68 1.00 0.00 0.0000  82463
 bzip2_source 1.66 1.00 0.00 0.0000  10647
 wupwise0.74 1.00 0.00 0.0000  78315
user  1.00
seq_miss 
 ammp0.05 0.88 0.00 0.00352518017672273525945
 art110 0.12 0.96 0.35 0.132140930 9242402184524
 art470 0.12 0.96 0.35 0.132140930 9242402184524
 bzip2_source 1.66 1.00 0.70 0.36557255605106
 swim0.72 1.01 0.34 0.21 253480 229772 193889
 bzip2_graphic1.42 1.02 0.57 0.31780078007503
 apsi1.54 1.02 0.06 0.02  160325826  16921
 bzip2_program1.20 1.02 0.69 0.34  12209  11920  12923
 twolf  0.45 1.03 0.42 0.18  87897  81870 156145
 galgel 0.70 1.04 0.54 0.10  67793  15796  74301
 wupwise0.79 1.06 0.58 0.29  47916  39123  46788
 applu  0.48 1.11 0.84 0.27 381455 192504 432251
user  1.01
seq_acc 
  PREFETCHER: user
 ammp0.05 0.88 0.00 0.00352759717685133525831
 art110 0.11 0.94 0.34 0.14251420310765092150597
 art470 0.11 0.94 0.34 0.14251420310765092150597
 bzip2_source 1.66 1.00 0.80 0.64871985142355
 swim0.72 1.01 0.46 0.33 309992 263391 159079
 apsi1.54 1.03 0.13 0.04  168696431  16462
 bzip2_graphic1.43 1.03 0.64 0.53  11827  117134554
 twolf  0.45 1.03 0.48 0.39 181809 151511 135993
 galgel 0.71 1.05 0.71 0.23  94928  27110  67740
 bzip2_program1.23 1.05 0.76 0.62  20230  194186816
 wupwise0.82 1.10 0.46 0.37 107569  69529  24771
 applu  0.48 1.11 0.83 0.36 645404 282122 379451
user  1.01
RPT 
PREFETCHER: user
 bzip2_source 1.66 1.00 0.78 0.42579657684945
 twolf  0.43 1.00 0.42 0.0161384216 186259
 swim0.72 1.00 0.43 0.33 393562 286251 126603
 bzip2_graphic1.41 1.01 0.69 0.32670066987549
 apsi1.55 1.03 0.36 0.15  15698  10267  14756
 bzip2_program1.22 1.04 0.86 0.38  11146  10744  13460
 art110 0.13 1.05 0.86 0.46383957614072681338664
 art470 0.13 1.05 0.86 0.46383957614072681338664
 applu  0.45 1.05 0.95 0.38 296394 252979 368665
 galgel 0.73 1.08 0.37 0.20  88488  45011  64842
 wupwise0.90 1.21 0.67 0.67  91354  79750  84
 ammp0.09 1.52 0.78 0.63319627829841511325768
user  1.07
DCPT 
PREFETCHER: user
 twolf  0.43 1.00 0.30 0.0023611739 186842
 bzip2_source 1.66 1.00 0.79 0.42566856415026
 swim0.72 1.00 0.50 0.35 337126 256652 150628
 apsi1.52 1.01 0.38 0.0975985634  17732
 bzip2_graphic1.42 1.02 0.68 0.32675867547499
 bzip2_program1.22 1.04 0.87 0.37  10224  10037  13943
 galgel 0.71 1.05 0.43 0.13  65722  24436  69913
 applu  0.45 1.05 0.97 0.34 235232 208713 393031
 art110 0.13 1.05 0.86 0.47336734313708601305073
 art470 0.13 1.05 0.86 0.47336734313708601305073
 wupwise0.91 1.23 0.67 0.67  91088  78256 120
 ammp0.10 1.67 0.55 0.52346503033780611682229
user  1.08

32
DCPT 
PREFETCHER: user
 twolf  0.43 0.99 0.30 0.03  23193  19164 184493
 swim0.71 0.99 0.43 0.27 311365 225685 156617
 bzip2_source 1.67 1.01 0.74 0.30435742856425
 bzip2_graphic1.42 1.02 0.64 0.22486048099468
 bzip2_program1.21 1.03 0.72 0.2998429451  15522
 apsi1.56 1.04 0.41 0.20  14161  10630  13168
 art110 0.13 1.04 0.94 0.46279290512181531330482
 art470 0.13 1.04 0.94 0.46279290512181531330482
 applu  0.45 1.05 0.93 0.40 286966 257133 354175
 galgel 0.71 1.05 0.45 0.29  94492  52355  51422
 wupwise0.87 1.17 0.69 0.53  62475  60551  17803
 ammp0.09 1.43 0.89 0.67269317426285391181672
user  1.06
RPT 
PREFETCHER: user
 bzip2_source 1.66 1.00 0.78 0.42579657684945
 twolf  0.43 1.00 0.42 0.0161384216 186259
 swim0.72 1.00 0.43 0.33 393562 286251 126603
 bzip2_graphic1.41 1.01 0.69 0.32670066987549
 apsi1.55 1.03 0.36 0.15  15698  10267  14756
 bzip2_program1.22 1.04 0.86 0.38  11146  10744  13460
 art110 0.13 1.05 0.86 0.46383957614072681338664
 art470 0.13 1.05 0.86 0.46383957614072681338664
 applu  0.45 1.05 0.95 0.38 296394 252979 368665
 galgel 0.73 1.08 0.37 0.20  88488  45011  64842
 wupwise0.90 1.21 0.67 0.67  91354  79750  84
 ammp0.09 1.52 0.78 0.63319627829841511325768
user  1.07
seq_acc 
PREFETCHER: user
 swim0.52 0.73 1.00 0.57 366196 366189 366199
 galgel 0.63 0.93 1.00 0.39  82476  71563  82538
 wupwise0.73 0.98 0.99 0.33  78314  63645  78315
 twolf  0.43 0.99 1.00 0.23 168910 147860 164439
 apsi1.49 0.99 0.96 0.58  20216  19915  19157
 bzip2_source 1.65 0.99 0.99 0.16  10645  10625  10643
 art110 0.12 1.00 1.00 0.01248939419962092489396
 art470 0.12 1.00 1.00 0.01248939419962092489396
 ammp0.06 1.00 0.89 0.00352728635266663527288
 bzip2_program1.17 1.00 0.99 0.12  23789  23768  23785
 bzip2_graphic1.39 1.00 0.98 0.16  14241  14222  14243
 applu  0.43 1.00 0.82 0.00 594208 536032 594211
user  0.96
seq_miss 
PREFETCHER: user
 swim0.52 0.73 1.00 0.57 366196 366189 366199
 galgel 0.63 0.93 1.00 0.39  82476  71563  82538
 wupwise0.73 0.98 0.99 0.33  78314  63645  78315
 twolf  0.43 0.99 1.00 0.23 168910 147860 164439
 apsi1.49 0.99 0.96 0.58  20216  19915  19157
 bzip2_source 1.65 0.99 0.99 0.16  10645  10625  10643
 art110 0.12 1.00 1.00 0.01248939419962092489396
 art470 0.12 1.00 1.00 0.01248939419962092489396
 ammp0.06 1.00 0.89 0.00352728635266663527288
 bzip2_program1.17 1.00 0.99 0.12  23789  23768  23785
 bzip2_graphic1.39 1.00 0.98 0.16  14241  14222  14243
 applu  0.43 1.00 0.82 0.00 594208 536032 594211
user  0.96

16
DCPT 
PREFETCHER: user
 twolf  0.43 1.00 0.30 0.0023611739 186842
 bzip2_source 1.66 1.00 0.79 0.42566856415026
 swim0.72 1.00 0.50 0.35 337126 256652 150628
 apsi1.52 1.01 0.38 0.0975985634  17732
 bzip2_graphic1.42 1.02 0.68 0.32675867547499
 bzip2_program1.22 1.04 0.87 0.37  10224  10037  13943
 galgel 0.71 1.05 0.43 0.13  65722  24436  69913
 applu  0.45 1.05 0.97 0.34 235232 208713 393031
 art110 0.13 1.05 0.86 0.47336734313708601305073
 art470 0.13 1.05 0.86 0.47336734313708601305073
 wupwise0.91 1.23 0.67 0.67  91088  78256 120
 ammp0.10 1.67 0.55 0.52346503033780611682229
user  1.08
RPT 
 bzip2_source 1.66 1.00 0.78 0.42579657684945
 twolf  0.43 1.00 0.42 0.0161384216 186259
 swim0.72 1.00 0.43 0.33 393562 286251 126603
 bzip2_graphic1.41 1.01 0.69 0.32670066987549
 apsi1.55 1.03 0.36 0.15  15698  10267  14756
 bzip2_program1.22 1.04 0.86 0.38  11146  10744  13460
 art110 0.13 1.05 0.86 0.46383957614072681338664
 art470 0.13 1.05 0.86 0.46383957614072681338664
 applu  0.45 1.05 0.95 0.38 296394 252979 368665
 galgel 0.73 1.08 0.37 0.20  88488  45011  64842
 wupwise0.90 1.21 0.67 0.67  91354  79750  84
 ammp0.09 1.52 0.78 0.63319627829841511325768
user  1.07
seq_acc 
  PREFETCHER: user
 swim0.52 0.73 1.00 0.57 366196 366189 366199
 galgel 0.63 0.93 1.00 0.39  82476  71563  82538
 wupwise0.73 0.98 0.99 0.33  78314  63645  78315
 twolf  0.43 0.99 1.00 0.23 168910 147860 164439
 apsi1.49 0.99 0.96 0.58  20216  19915  19157
 bzip2_source 1.65 0.99 0.99 0.16  10645  10625  10643
 art110 0.12 1.00 1.00 0.01248939419962092489396
 art470 0.12 1.00 1.00 0.01248939419962092489396
 ammp0.06 1.00 0.89 0.00352728635266663527288
 bzip2_program1.17 1.00 0.99 0.12  23789  23768  23785
 bzip2_graphic1.39 1.00 0.98 0.16  14241  14222  14243
 applu  0.43 1.00 0.82 0.00 594208 536032 594211
user  0.96
seq_miss 
PREFETCHER: user
 swim0.52 0.73 1.00 0.57 366196 366189 366199
 galgel 0.63 0.93 1.00 0.39  82476  71563  82538
 wupwise0.73 0.98 0.99 0.33  78314  63645  78315
 twolf  0.43 0.99 1.00 0.23 168910 147860 164439
 apsi1.49 0.99 0.96 0.58  20216  19915  19157
 bzip2_source 1.65 0.99 0.99 0.16  10645  10625  10643
 art110 0.12 1.00 1.00 0.01248939419962092489396
 art470 0.12 1.00 1.00 0.01248939419962092489396
 ammp0.06 1.00 0.89 0.00352728635266663527288
 bzip2_program1.17 1.00 0.99 0.12  23789  23768  23785
 bzip2_graphic1.39 1.00 0.98 0.16  14241  14222  14243
 applu  0.43 1.00 0.82 0.00 594208 536032 594211
user  0.96
